% -------------------------------------------------------------------
%  Generated by MATLAB on 7-Sep-2020 11:51:01
%  MATLAB version: 9.6.0.1072779 (R2019a)
% -------------------------------------------------------------------
                                         

f = [50 200 350 500 650];

gain = [1 1 1 0.999 0.999];

ps = [0.1794 0.7542 1.2636 1.7843 2.3769];

